6.6097412109375 1.6348401308059692
6.6097412109375 1.6348401308059692
6.6097412109375 1.6348401308059692
6.6097412109375 1.6348401308059692
6.6097412109375 1.6348401308059692
6.6097412109375 1.6348401308059692
6.6097412109375 1.6348401308059692
6.6097412109375 1.6348401308059692
6.6097412109375 1.6348401308059692
6.6097412109375 1.6348401308059692
6.6097412109375 1.6348401308059692
6.6097412109375 1.6348401308059692
6.6097412109375 1.6348401308059692
6.6097412109375 1.6348401308059692
6.6097412109375 1.6348401308059692
6.6097412109375 1.6348401308059692
6.6097412109375 1.6348401308059692
6.6097412109375 1.6348401308059692
6.6097412109375 1.6348401308059692
6.6097412109375 1.6348401308059692
6.6097412109375 1.6348401308059692
6.6097412109375 1.6348401308059692
6.6097412109375 1.6348401308059692
6.6097412109375 1.6348401308059692
6.6097412109375 1.6348401308059692
6.6097412109375 1.6348401308059692
6.6097412109375 1.6348401308059692
6.6097412109375 1.6348401308059692
6.6097412109375 1.6348401308059692
6.6097412109375 1.6348401308059692
6.6097412109375 1.6348401308059692
6.6097412109375 1.6348401308059692
6.6097412109375 1.6348401308059692
6.6097412109375 1.6348401308059692
6.6097412109375 1.6348401308059692
6.6097412109375 1.6348401308059692
6.6097412109375 1.6348401308059692
6.6097412109375 1.6348401308059692
6.6097412109375 1.6348401308059692
6.6097412109375 1.6348401308059692
6.6097412109375 1.6348401308059692
6.6097412109375 1.6348401308059692
6.6097412109375 1.6348401308059692
6.6097412109375 1.6348401308059692
6.6097412109375 1.6348401308059692
6.6097412109375 1.6348401308059692
6.6097412109375 1.6348401308059692
6.6097412109375 1.6348401308059692
6.6097412109375 1.6348401308059692
6.6097412109375 1.6348401308059692
6.6097412109375 1.6348401308059692
6.6097412109375 1.6348401308059692
6.6097412109375 1.6348401308059692
6.6097412109375 1.6348401308059692
6.6097412109375 1.6348401308059692
6.6097412109375 1.6348401308059692
6.6097412109375 1.6348401308059692
6.6097412109375 1.6348401308059692
6.6097412109375 1.6348401308059692
6.6097412109375 1.6348401308059692
6.6097412109375 1.6348401308059692
6.6097412109375 1.6348401308059692
6.6097412109375 1.6348401308059692
6.6097412109375 1.6348401308059692
6.6097412109375 1.6348401308059692
6.6097412109375 1.6348401308059692
6.6097412109375 1.6348401308059692
6.6097412109375 1.6348401308059692
6.6097412109375 1.6348401308059692
6.6097412109375 1.6348401308059692
6.6097412109375 1.6348401308059692
6.6097412109375 1.6348401308059692
6.6097412109375 1.6348401308059692
6.6097412109375 1.6348401308059692
6.6097412109375 1.6348401308059692
6.6097412109375 1.6348401308059692
6.6097412109375 1.6348401308059692
6.6097412109375 1.6348401308059692
6.6097412109375 1.6348401308059692
6.613452911376953 1.636852502822876
6.635491371154785 1.648801326751709
6.683788299560547 1.6749871969223022
6.745325088500977 1.708351492881775
6.806861877441406 1.7417157888412476
6.868398666381836 1.7750800848007202
6.929935455322266 1.8084443807601929
6.991472244262695 1.8418086767196655
7.053009033203125 1.8751729726791382
7.114545822143555 1.9085372686386108
7.176082611083984 1.9419015645980835
7.237619400024414 1.9752658605575562
7.299156188964844 2.0086302757263184
7.360692977905273 2.041994571685791
7.422229766845703 2.0753588676452637
7.483766555786133 2.1087231636047363
7.5450263023376465 2.1425912380218506
7.604623794555664 2.179288387298584
7.661508083343506 2.220064163208008
7.715401649475098 2.264718770980835
7.7660393714904785 2.3130335807800293
7.813174247741699 2.364771842956543
7.85689115524292 2.419435739517212
7.8988823890686035 2.4754419326782227
7.940741062164307 2.5315475463867188
7.98259973526001 2.587653160095215
8.024457931518555 2.643758773803711
8.065970420837402 2.7001192569732666
8.105229377746582 2.758064031600952
8.140483856201172 2.818526029586792
8.171422958374023 2.881305694580078
8.197896003723145 2.9460954666137695
8.220308303833008 3.0124053955078125
8.240378379821777 3.079465627670288
8.260167121887207 3.1466100215911865
8.279955863952637 3.213754415512085
8.299744606018066 3.2808988094329834
8.319533348083496 3.348043203353882
8.339140892028809 3.415240526199341
8.357712745666504 3.482731342315674
8.37503719329834 3.550553560256958
8.391916275024414 3.618488311767578
8.408695220947266 3.6864476203918457
8.425474166870117 3.7544069290161133
8.442249298095703 3.8223671913146973
8.459024429321289 3.8903274536132812
8.475137710571289 3.958446979522705
8.4903564453125 4.026772499084473
8.50471305847168 4.0952839851379395
8.533796310424805 4.242437362670898
8.561713218688965 4.3898162841796875
8.588460922241211 4.537412166595459
8.61403751373291 4.685214996337891
8.638442993164062 4.833216190338135
8.661674499511719 4.981406211853027
8.683731079101562 5.129775524139404
8.704610824584961 5.278314590454102
8.724081039428711 5.427044868469238
8.741250038146973 5.576057434082031
8.754998207092285 5.725421905517578
8.762916564941406 5.875201225280762
8.762909889221191 6.025182723999023
8.752686500549316 6.174810886383057
8.732022285461426 6.323357582092285
8.701019287109375 6.470094680786133
8.659828186035156 6.614304542541504
8.60913372039795 6.755463123321533
8.552038192749023 6.894165515899658
8.491945266723633 7.031602382659912
8.431652069091797 7.168951511383057
8.371358871459961 7.306300640106201
8.311065673828125 7.443649768829346
8.250772476196289 7.58099889755249
8.189379692077637 7.71785831451416
8.125121116638184 7.853394985198975
8.059916496276855 7.9884819984436035
7.994711875915527 8.123568534851074
7.929507255554199 8.258654594421387
7.865010738372803 8.394078254699707
7.804875373840332 8.531488418579102
7.748598098754883 8.670528411865234
7.694366455078125 8.810381889343262
7.640157699584961 8.950243949890137
7.585948944091797 9.090106010437012
7.531740188598633 9.229968070983887
7.477531433105469 9.369830131530762
7.423322677612305 9.509692192077637
7.36903190612793 9.649521827697754
7.314741134643555 9.789351463317871
7.26045036315918 9.929181098937988
7.2076945304870605 10.06959056854248
7.162937164306641 10.21273422241211
7.12828254699707 10.358652114868164
7.103918552398682 10.506636619567871
7.089964866638184 10.655962944030762
7.086489200592041 10.805899620056152
7.093509197235107 10.95571231842041
7.110990524291992 11.104667663574219
7.1388468742370605 11.252035140991211
7.176942348480225 11.397093772888184
7.225090503692627 11.539132118225098
7.283055305480957 11.677454948425293
7.350552558898926 11.811384201049805
7.4268622398376465 11.94050407409668
7.506982326507568 12.067314147949219
7.58710241317749 12.194124221801758
7.667222499847412 12.320934295654297
7.747342586517334 12.447744369506836
7.827462673187256 12.574554443359375
7.907582759857178 12.701364517211914
7.9877028465271 12.828174591064453
8.067822456359863 12.954984664916992
8.147942543029785 13.081794738769531
8.228062629699707 13.20860481262207
8.308704376220703 13.335082054138184
8.394633293151855 13.4580078125
8.488764762878418 13.574766159057617
8.590831756591797 13.684654235839844
8.700334548950195 13.787134170532227
8.816737174987793 13.881704330444336
8.939469337463379 13.967901229858398
9.0679292678833 14.045303344726562
9.201489448547363 14.113530158996582
9.339493751525879 14.172248840332031
9.481266975402832 14.221171379089355
9.626114845275879 14.260058403015137
9.773327827453613 14.288718223571777
9.922066688537598 14.307997703552246
10.071603775024414 14.319684028625488
10.221447944641113 14.326461791992188
10.371413230895996 14.329550743103027
10.521404266357422 14.328363418579102
10.671278953552246 14.322365760803223
10.820876121520996 14.311447143554688
10.970033645629883 14.295620918273926
11.118609428405762 14.27502727508545
11.266644477844238 14.250842094421387
11.414206504821777 14.22391128540039
11.56162166595459 14.19618034362793
11.709036827087402 14.168449401855469
11.856451988220215 14.140718460083008
12.003867149353027 14.112987518310547
12.15128231048584 14.085256576538086
12.29871654510498 14.05763053894043
12.446150779724121 14.030004501342773
12.593585014343262 14.002378463745117
12.741019248962402 13.974752426147461
12.888453483581543 13.947126388549805
13.035887718200684 13.919500350952148
13.183321952819824 13.891874313354492
13.330756187438965 13.864248275756836
13.478190422058105 13.83662223815918
13.625624656677246 13.808996200561523
13.773058891296387 13.781370162963867
13.920493125915527 13.753744125366211
14.067927360534668 13.726118087768555
14.215361595153809 13.698492050170898
14.362892150878906 13.671388626098633
14.510858535766602 13.646780014038086
14.65921688079834 13.624654769897461
14.807954788208008 13.605249404907227
14.956894874572754 13.587449073791504
15.105952262878418 13.570674896240234
15.255410194396973 13.557991981506348
15.405259132385254 13.551509857177734
15.55522632598877 13.553441047668457
15.704729080200195 13.565362930297852
15.853099822998047 13.587299346923828
15.999960899353027 13.617751121520996
16.144935607910156 13.65621280670166
16.288555145263672 13.699493408203125
16.43206787109375 13.743124008178711
16.575580596923828 13.786754608154297
16.719093322753906 13.830385208129883
16.862606048583984 13.874015808105469
17.006118774414062 13.917646408081055
17.14963150024414 13.96127700805664
17.29314422607422 14.004907608032227
17.436874389648438 14.047815322875977
17.582294464111328 14.084541320800781
17.729589462280273 14.112815856933594
17.878252029418945 14.132709503173828
18.027612686157227 14.146527290344238
18.177072525024414 14.159262657165527
18.3265323638916 14.171998023986816
18.47599220275879 14.184733390808105
18.625452041625977 14.197468757629395
18.774911880493164 14.210204124450684
18.92437171936035 14.222939491271973
19.07383155822754 14.235674858093262
19.223291397094727 14.24841022491455
19.372751235961914 14.26114559173584
19.5222110748291 14.273880958557129
19.67167091369629 14.286616325378418
19.821130752563477 14.299351692199707
19.970590591430664 14.312087059020996
20.12013053894043 14.32381820678711
20.269920349121094 14.331583023071289
20.41990089416504 14.331209182739258
20.569496154785156 14.320511817932129
20.717975616455078 14.29937744140625
20.864614486694336 14.267909049987793
21.008691787719727 14.226262092590332
21.149503707885742 14.174639701843262
21.286361694335938 14.11329460144043
21.41859245300293 14.042527198791504
21.545551300048828 13.962685585021973
21.666614532470703 13.874159812927246
21.78118896484375 13.777382850646973
21.888713836669922 13.672828674316406
21.988662719726562 13.561010360717773
22.08054542541504 13.442475318908691
22.163911819458008 13.317803382873535
22.23835563659668 13.187605857849121
22.303510665893555 13.052520751953125
22.35905647277832 12.913208961486816
22.40472412109375 12.770354270935059
22.44028663635254 12.624654769897461
22.465572357177734 12.476823806762695
22.480457305908203 12.327587127685547
22.484867095947266 12.177674293518066
22.47878074645996 12.027820587158203
22.462228775024414 11.878759384155273
22.435291290283203 11.731221199035645
22.398099899291992 11.585928916931152
22.35083770751953 11.443593978881836
22.29373550415039 11.304912567138672
22.227073669433594 11.170564651489258
22.15117835998535 11.041208267211914
22.066421508789062 10.91747760772705
21.97369384765625 10.799590110778809
21.87730598449707 10.68465805053711
21.780622482299805 10.56997299194336
21.68393898010254 10.45528793334961
21.587255477905273 10.34060287475586
21.490571975708008 10.22591781616211
21.393888473510742 10.11123275756836
21.297204971313477 9.99654769897461
21.200117111206055 9.882205963134766
21.10009002685547 9.770437240600586
20.99464225769043 9.663776397705078
20.883432388305664 9.563139915466309
20.76629066467285 9.469487190246582
20.642885208129883 9.384257316589355
20.51382064819336 9.307867050170898
20.379728317260742 9.240691184997559
20.241268157958984 9.183059692382812
20.0991153717041 9.135252952575684
19.95396614074707 9.097506523132324
19.80653190612793 9.0700044631958
19.657535552978516 9.052881240844727
19.507707595825195 9.046221733093262
19.35778045654297 9.050057411193848
19.20848846435547 9.064370155334473
19.060564041137695 9.089090347290039
18.914730072021484 9.124095916748047
18.771625518798828 9.168985366821289
18.630693435668945 9.220346450805664
18.489919662475586 9.27214241027832
18.349145889282227 9.323938369750977
18.208372116088867 9.375734329223633
18.067598342895508 9.427530288696289
17.92682456970215 9.479326248168945
17.7860050201416 9.530998229980469
17.64410972595215 9.579609870910645
17.500154495239258 9.621723175048828
17.35443878173828 9.657289505004883
17.207592010498047 9.687859535217285
17.059951782226562 9.71435546875
16.911794662475586 9.737787246704102
16.763383865356445 9.759563446044922
16.614957809448242 9.781229019165039
16.46653175354004 9.802894592285156
16.318130493164062 9.824737548828125
16.17031478881836 9.85018539428711
16.023588180541992 9.88134479522705
15.877275466918945 9.914402961730957
15.730962753295898 9.947461128234863
15.584650039672852 9.98051929473877
15.438337326049805 10.013577461242676
15.292024612426758 10.046635627746582
15.145711898803711 10.079693794250488
14.999399185180664 10.112751960754395
14.853086471557617 10.1458101272583
14.70677375793457 10.178868293762207
14.560461044311523 10.211926460266113
14.414148330688477 10.24498462677002
14.267800331115723 10.277885437011719
14.120817184448242 10.307794570922852
13.973008155822754 10.333318710327148
13.824475288391113 10.354204177856445
13.675311088562012 10.369966506958008
13.525674819946289 10.380294799804688
13.375737190246582 10.384241104125977
13.225744247436523 10.383045196533203
13.075769424438477 10.380294799804688
12.92579460144043 10.377544403076172
12.775819778442383 10.374794006347656
12.625844955444336 10.37204360961914
12.475870132446289 10.369293212890625
12.325895309448242 10.36654281616211
12.175920486450195 10.363792419433594
12.025945663452148 10.361042022705078
11.875970840454102 10.358291625976562
11.725996017456055 10.355541229248047
11.576021194458008 10.352790832519531
11.426046371459961 10.350040435791016
11.276071548461914 10.3472900390625
11.126096725463867 10.344539642333984
10.97612190246582 10.341789245605469
10.826147079467773 10.339043617248535
10.676158905029297 10.33723258972168
10.52617073059082 10.338830947875977
10.376299858093262 10.344888687133789
10.22668170928955 10.35555648803711
10.077291488647461 10.369068145751953
9.927963256835938 10.383243560791016
9.778635025024414 10.397418975830078
9.629350662231445 10.4120454788208
9.480554580688477 10.430919647216797
9.333173751831055 10.458708763122559
9.188098907470703 10.49673843383789
9.046038627624512 10.544821739196777
8.907689094543457 10.602724075317383
8.773728370666504 10.670160293579102
8.64481258392334 10.746801376342773
8.521573066711426 10.832271575927734
8.404613494873047 10.926152229309082
8.294507026672363 11.027982711791992
8.191792488098145 11.1372652053833
8.096972465515137 11.253464698791504
8.01051139831543 11.37601089477539
7.932834148406982 11.504304885864258
7.864320278167725 11.637717247009277
7.805305480957031 11.775594711303711
7.756078720092773 11.91726303100586
7.716881275177002 12.062026977539062
7.687904357910156 12.20917797088623
7.669291019439697 12.35799503326416
7.661131858825684 12.507750511169434
7.663466930389404 12.657709121704102
7.6762847900390625 12.807137489318848
7.699522972106934 12.955303192138672
7.733067035675049 13.101480484008789
7.776752948760986 13.244954109191895
7.830367088317871 13.38502025604248
7.893646240234375 13.520994186401367
7.966280937194824 13.652209281921387
8.047914505004883 13.778021812438965
8.138148307800293 13.89781665802002
8.236539840698242 14.011007308959961
8.342607498168945 14.117039680480957
8.455831527709961 14.215394020080566
8.575376510620117 14.305973052978516
8.699089050292969 14.390791893005371
8.824309349060059 14.473373413085938
8.950047492980957 14.55516529083252
9.076191902160645 14.636327743530273
9.204241752624512 14.714431762695312
9.33655071258545 14.785053253173828
9.473474502563477 14.846248626708984
9.614343643188477 14.897717475891113
9.758467674255371 14.939207077026367
9.90514087677002 14.970514297485352
10.053634643554688 14.99156379699707
10.203229904174805 15.002253532409668
10.353206634521484 15.002453804016113
10.502829551696777 14.99216365814209
10.6513671875 14.971434593200684
10.798090934753418 14.940366744995117
10.942281723022461 14.899112701416016
11.083234786987305 14.847874641418457
11.220353126525879 14.78710651397705
11.353968620300293 14.718955993652344
11.486346244812012 14.648414611816406
11.61872386932373 14.577873229980469
11.75110149383545 14.507331848144531
11.884658813476562 14.439059257507324
12.020562171936035 14.375591278076172
12.159431457519531 14.318926811218262
12.301421165466309 14.27061939239502
12.446175575256348 14.231374740600586
12.593192100524902 14.201711654663086
12.741868019104004 14.181999206542969
12.8915433883667 14.172442436218262
13.041528701782227 14.171459197998047
13.191444396972656 14.176426887512207
13.341314315795898 14.182694435119629
13.49118423461914 14.18896198272705
13.641054153442383 14.195229530334473
13.790924072265625 14.201497077941895
13.940793991088867 14.207764625549316
14.090694427490234 14.21321964263916
14.240673065185547 14.215568542480469
14.390671730041504 14.215131759643555
14.540669441223145 14.214447021484375
14.690667152404785 14.213762283325195
14.840664863586426 14.213077545166016
14.990662574768066 14.212392807006836
15.140660285949707 14.211708068847656
15.290657997131348 14.211023330688477
15.440655708312988 14.210338592529297
15.590653419494629 14.209653854370117
15.74065113067627 14.208969116210938
15.89064884185791 14.208284378051758
16.040647506713867 14.207599639892578
16.190645217895508 14.206914901733398
16.34064292907715 14.206230163574219
16.49064064025879 14.205545425415039
16.64063835144043 14.20486068725586
16.79063606262207 14.20417594909668
16.94063377380371 14.2034912109375
17.09063148498535 14.20280647277832
17.240629196166992 14.20212173461914
17.390626907348633 14.201436996459961
17.540624618530273 14.200752258300781
17.690622329711914 14.200067520141602
17.840620040893555 14.199382781982422
17.990617752075195 14.198698043823242
18.140615463256836 14.198013305664062
18.290613174438477 14.197328567504883
18.440610885620117 14.196643829345703
18.590608596801758 14.195959091186523
18.7406063079834 14.195274353027344
18.89060401916504 14.194589614868164
19.04060173034668 14.193904876708984
19.19059944152832 14.193220138549805
19.34059715270996 14.192535400390625
19.4905948638916 14.191850662231445
19.640592575073242 14.191165924072266
19.790590286254883 14.190481185913086
19.940587997436523 14.189796447753906
20.090585708618164 14.189111709594727
20.240583419799805 14.188426971435547
20.390581130981445 14.187742233276367
20.540578842163086 14.187057495117188
20.690553665161133 14.18484878540039
20.840171813964844 14.174477577209473
20.988698959350586 14.153666496276855
21.135404586791992 14.122518539428711
21.279573440551758 14.081186294555664
21.42049789428711 14.029870986938477
21.55748748779297 13.96882438659668
21.68987274169922 13.898345947265625
21.817005157470703 13.818781852722168
21.938261032104492 13.730520248413086
22.05304527282715 13.633993148803711
22.160797119140625 13.529674530029297
22.260990142822266 13.418074607849121
22.353132247924805 13.299739837646484
22.436771392822266 13.175250053405762
22.511499404907227 13.045215606689453
22.576948165893555 12.910273551940918
22.63279914855957 12.77108383178711
22.67877769470215 12.628328323364258
22.714658737182617 12.482707023620605
22.740266799926758 12.334933280944824
22.755477905273438 12.18572998046875
22.760215759277344 12.035828590393066
22.754457473754883 11.88596248626709
22.738229751586914 11.736865997314453
22.71161460876465 11.589269638061523
22.674741744995117 11.443896293640137
22.627792358398438 11.301457405090332
22.570995330810547 11.162652015686035
22.50486183166504 11.02803897857666
22.431262969970703 10.897348403930664
22.35163688659668 10.770242691040039
22.265216827392578 10.647658348083496
22.172170639038086 10.530016899108887
22.07535743713379 10.415445327758789
21.978063583374023 10.301279067993164
21.880769729614258 10.187112808227539
21.783475875854492 10.072946548461914
21.68617820739746 9.958783149719238
21.5881290435791 9.845270156860352
21.48551368713379 9.735884666442871
21.375869750976562 9.633556365966797
21.259336471557617 9.53914737701416
21.136486053466797 9.453120231628418
21.007919311523438 9.375896453857422
20.874265670776367 9.307854652404785
20.73617935180664 9.249327659606934
20.59433937072754 9.200601577758789
20.449573516845703 9.16138744354248
20.303272247314453 9.128293991088867
20.156681060791016 9.096498489379883
20.01008415222168 9.064726829528809
19.863298416137695 9.03385066986084
19.715625762939453 9.007585525512695
19.566822052001953 8.98877239227295
19.417312622070312 8.976710319519043
19.267528533935547 8.968720436096191
19.11762237548828 8.963455200195312
18.9676456451416 8.96097469329834
18.817703247070312 8.964668273925781
18.66822624206543 8.976947784423828
18.519948959350586 8.999459266662598
18.373607635498047 9.032286643981934
18.229921340942383 9.07526969909668
18.0895938873291 9.128196716308594
17.953311920166016 9.190808296203613
17.821622848510742 9.262587547302246
17.69370460510254 9.340916633605957
17.56688117980957 9.421013832092285
17.4400577545166 9.501111030578613
17.313234329223633 9.581208229064941
17.186410903930664 9.66130542755127
17.059587478637695 9.741402626037598
16.93229103088379 9.820743560791016
16.80152130126953 9.894183158874512
16.666358947753906 9.95919418334961
16.527542114257812 10.015982627868652
16.385665893554688 10.064640045166016
16.24153709411621 10.106164932250977
16.096206665039062 10.143293380737305
15.950701713562012 10.179737091064453
15.805195808410645 10.216180801391602
15.659689903259277 10.25262451171875
15.51418399810791 10.289068222045898
15.368678092956543 10.325511932373047
15.222992897033691 10.361222267150879
15.076211929321289 10.392077445983887
14.92810344696045 10.415769577026367
14.77927017211914 10.434429168701172
14.630237579345703 10.45142936706543
14.481204986572266 10.468429565429688
14.332172393798828 10.485429763793945
14.18313980102539 10.502429962158203
14.034255981445312 10.520672798156738
13.88588809967041 10.542738914489746
13.737563133239746 10.565089225769043
13.589238166809082 10.58743953704834
13.440540313720703 10.60709285736084
13.290985107421875 10.618326187133789
13.141009330749512 10.619120597839355
12.991332054138184 10.609625816345215
12.842578887939453 10.59046745300293
12.695483207702637 10.561209678649902
12.55079460144043 10.521736145019531
12.409220695495605 10.472238540649414
12.271455764770508 10.412960052490234
12.138137817382812 10.344259262084961
12.009298324584961 10.267475128173828
11.884986877441406 10.183552742004395
11.764169692993164 10.094656944274902
11.643852233886719 10.005082130432129
11.523534774780273 9.915507316589355
11.402534484863281 9.826864242553711
11.27712631225586 9.744609832763672
11.146271705627441 9.6713285446167
11.010612487792969 9.607378959655762
10.87081241607666 9.55307388305664
10.727556228637695 9.508679389953613
10.58154582977295 9.474413871765137
10.433496475219727 9.450445175170898
10.284132957458496 9.436888694763184
10.134187698364258 9.433813095092773
9.984394073486328 9.441231727600098
9.83548641204834 9.459110260009766
9.688194274902344 9.487359046936035
9.542662620544434 9.523676872253418
9.397625923156738 9.561944007873535
9.252589225769043 9.600211143493652
9.108003616333008 9.640127182006836
8.96557903289795 9.687142372131348
8.826640129089355 9.743613243103027
8.691990852355957 9.809663772583008
8.562291145324707 9.884970664978027
8.438177108764648 9.969164848327637
8.320255279541016 10.061833381652832
8.209102630615234 10.162522315979004
8.105264663696289 10.270739555358887
8.00925064086914 10.385954856872559
7.921530246734619 10.507603645324707
7.842533111572266 10.635088920593262
7.772645950317383 10.76778793334961
7.712211608886719 10.905049324035645
7.661525249481201 11.046201705932617
7.620835781097412 11.190553665161133
7.590342044830322 11.337398529052734
7.570194244384766 11.486016273498535
7.560490131378174 11.6356782913208
7.561277389526367 11.785653114318848
7.57255220413208 11.935205459594727
7.594259738922119 12.083602905273438
7.626293659210205 12.230119705200195
7.668496608734131 12.37403678894043
7.7206621170043945 12.514649391174316
7.782534599304199 12.65126895904541
7.853811264038086 12.78322696685791
7.934142589569092 12.909875869750977
8.0231351852417 13.030596733093262
8.120353698730469 13.144797325134277
8.225320816040039 13.251917839050293
8.3375244140625 13.351434707641602
8.456098556518555 13.443281173706055
8.578085899353027 13.530566215515137
8.70044994354248 13.617323875427246
8.822813987731934 13.704081535339355
8.945178031921387 13.790839195251465
9.06754207611084 13.877596855163574
9.19027328491211 13.96383285522461
9.316561698913574 14.04473876953125
9.448046684265137 14.1168851852417
9.584254264831543 14.179657936096191
9.724518775939941 14.23275089263916
9.86815357208252 14.27590274810791
10.01445484161377 14.308902740478516
10.16270637512207 14.331589698791504
10.312149047851562 14.344326972961426
10.462031364440918 14.350203514099121
10.611991882324219 14.353646278381348
10.761963844299316 14.356562614440918
10.911952018737793 14.35580825805664
11.061691284179688 14.347247123718262
11.21069622039795 14.330108642578125
11.358820915222168 14.306485176086426
11.50659465789795 14.280732154846191
11.65436840057373 14.254979133605957
11.802142143249512 14.229226112365723
11.95008659362793 14.204496383666992
12.09885311126709 14.185376167297363
12.24829387664795 14.172492027282715
12.39795970916748 14.162497520446777
12.547676086425781 14.153324127197266
12.697598457336426 14.148860931396484
12.847532272338867 14.152636528015137
12.996899604797363 14.16617202758789
13.14520263671875 14.18856430053711
13.29198169708252 14.219409942626953
13.436923027038574 14.257987022399902
13.580238342285156 14.302258491516113
13.72323226928711 14.347567558288574
13.866226196289062 14.392876625061035
14.009220123291016 14.438185691833496
14.152214050292969 14.483494758605957
14.295207977294922 14.528803825378418
14.43823528289795 14.574006080627441
14.582416534423828 14.615333557128906
14.728774070739746 14.64808177947998
14.87706470489502 14.670513153076172
15.02656078338623 14.682518005371094
15.176529884338379 14.684037208557129
15.326238632202148 14.675063133239746
15.474976539611816 14.655803680419922
15.622368812561035 14.628022193908691
15.768683433532715 14.59498405456543
15.914856910705566 14.561323165893555
16.061031341552734 14.52766227722168
16.20720672607422 14.494001388549805
16.353382110595703 14.46034049987793
16.499557495117188 14.426679611206055
16.645732879638672 14.39301872253418
16.791908264160156 14.359357833862305
16.93808937072754 14.32572078704834
17.0846004486084 14.293567657470703
17.23194694519043 14.265507698059082
17.38003158569336 14.241631507873535
17.528369903564453 14.219376564025879
17.676708221435547 14.197121620178223
17.82504653930664 14.174866676330566
17.973384857177734 14.15261173248291
18.121679306030273 14.130053520202637
18.26995277404785 14.107356071472168
18.41822624206543 14.0846586227417
18.566499710083008 14.06196117401123
18.714773178100586 14.039263725280762
18.863046646118164 14.016566276550293
19.011320114135742 13.993868827819824
19.15959358215332 13.971171379089355
19.3078670501709 13.948473930358887
19.456111907958984 13.925588607788086
19.60426902770996 13.902145385742188
19.75229835510254 13.877913475036621
19.900083541870117 13.852240562438965
20.047182083129883 13.822911262512207
20.193084716796875 13.788141250610352
20.336984634399414 13.745851516723633
20.47808837890625 13.695030212402344
20.615291595458984 13.634464263916016
20.747922897338867 13.564451217651367
20.875333786010742 13.485332489013672
20.996896743774414 13.397496223449707
21.11202049255371 13.301372528076172
21.220138549804688 13.197431564331055
21.320722579956055 13.086183547973633
21.413278579711914 12.968173027038574
21.49735450744629 12.843977928161621
21.57253646850586 12.71420669555664
21.638458251953125 12.57949447631836
21.69479751586914 12.440502166748047
21.741275787353516 12.2979097366333
21.777667999267578 12.15241527557373
21.803794860839844 12.004731178283691
21.819936752319336 11.855618476867676
21.829431533813477 11.70592212677002
21.837766647338867 11.556153297424316
21.846101760864258 11.406384468078613
21.853038787841797 11.256550788879395
21.852323532104492 11.106572151184082
21.841663360595703 10.9569730758667
21.822261810302734 10.808246612548828
21.794218063354492 10.66091251373291
21.75606918334961 10.515868186950684
21.707868576049805 10.373847007751465
21.649852752685547 10.23554515838623
21.582307815551758 10.101639747619629
21.506345748901367 9.972312927246094
21.425325393676758 9.846080780029297
21.340675354003906 9.722256660461426
21.24962615966797 9.603075981140137
21.15056800842285 9.49046802520752
21.04387664794922 9.385064125061035
20.93007469177246 9.28738021850586
20.80971908569336 9.197895050048828
20.683399200439453 9.117047309875488
20.551733016967773 9.045232772827148
20.415367126464844 8.982802391052246
20.275257110595703 8.929265975952148
20.133556365966797 8.880064010620117
19.99172592163086 8.831233978271484
19.849449157714844 8.783729553222656
19.70594596862793 8.740076065063477
19.560977935791016 8.70158576965332
19.414356231689453 8.669989585876465
19.266197204589844 8.646665573120117
19.116939544677734 8.631898880004883
18.96713638305664 8.62437629699707
18.81715202331543 8.62309455871582
18.667287826538086 8.629164695739746
18.518007278442383 8.643686294555664
18.36996841430664 8.667719841003418
18.223974227905273 8.702047348022461
18.08073616027832 8.746502876281738
17.940959930419922 8.800867080688477
17.805328369140625 8.864874839782715
17.67450523376465 8.938213348388672
17.54913330078125 9.020522117614746
17.429824829101562 9.111397743225098
17.317163467407227 9.210395812988281
17.21151351928711 9.316849708557129
17.110919952392578 9.428117752075195
17.010799407958984 9.539813995361328
16.91067886352539 9.651510238647461
16.80985450744629 9.762567520141602
16.70582389831543 9.870622634887695
16.596982955932617 9.973820686340332
16.482866287231445 10.071152687072754
16.363967895507812 10.162582397460938
16.24045181274414 10.247663497924805
16.11232566833496 10.325636863708496
15.980534553527832 10.397246360778809
15.846129417419434 10.463837623596191
15.710883140563965 10.528708457946777
15.575636863708496 10.593579292297363
15.440390586853027 10.65845012664795
15.30413818359375 10.721173286437988
15.169107437133789 10.74937629699707
15.036604881286621 10.747800827026367
14.903959274291992 10.74679183959961
14.77133560180664 10.746146202087402
14.63903522491455 10.745733261108398
14.508151054382324 10.745469093322754
14.379682540893555 10.745299339294434
14.254411697387695 10.74519157409668
14.140848159790039 10.737677574157715
14.008221626281738 10.769408226013184
13.877542495727539 10.84302806854248
13.743934631347656 10.911199569702148
13.608643531799316 10.97597599029541
13.473114967346191 11.040255546569824
13.337586402893066 11.104535102844238
13.202057838439941 11.168814659118652
13.066529273986816 11.233094215393066
12.931004524230957 11.297383308410645
12.795479774475098 11.361672401428223
12.659955024719238 11.4259614944458
12.524714469909668 11.490843772888184
12.390604972839355 11.558034896850586
12.256693840026855 11.625621795654297
12.122782707214355 11.693208694458008
11.988350868225098 11.759743690490723
11.850829124450684 11.819584846496582
11.70945930480957 11.869661331176758
11.564932823181152 11.909727096557617
11.41795825958252 11.939586639404297
11.269255638122559 11.959094047546387
11.119559288024902 11.968317985534668
10.969573020935059 11.968605995178223
10.819717407226562 11.962164878845215
10.670040130615234 11.952339172363281
10.5203857421875 11.942148208618164
10.370731353759766 11.931957244873047
10.221076965332031 11.92176628112793
10.071422576904297 11.911575317382812
9.921768188476562 11.901384353637695
9.772113800048828 11.891193389892578
9.622386932373047 11.882184028625488
9.472496032714844 11.876550674438477
9.322505950927734 11.87614631652832
9.172700881958008 11.883472442626953
9.023701667785645 11.9005708694458
8.876240730285645 11.927933692932129
8.730585098266602 11.963713645935059
8.586990356445312 12.007038116455078
8.445569038391113 12.057019233703613
8.306896209716797 12.110453605651855
8.193560600280762 12.15609359741211
8.170907974243164 12.165377616882324
8.170907974243164 12.165377616882324
8.170907974243164 12.165377616882324
8.170907974243164 12.165377616882324
8.170907974243164 12.165377616882324
8.170907974243164 12.165377616882324
8.170907974243164 12.165377616882324
8.170907974243164 12.165377616882324
8.170907974243164 12.165377616882324
8.170907974243164 12.165377616882324
8.170907974243164 12.165377616882324
8.170907974243164 12.165377616882324
8.170907974243164 12.165377616882324
8.170907974243164 12.165377616882324
8.170907974243164 12.165377616882324
8.170907974243164 12.165377616882324
8.170907974243164 12.165377616882324
8.170907974243164 12.165377616882324
8.170907974243164 12.165377616882324
8.170907974243164 12.165377616882324
8.170907974243164 12.165377616882324
8.170907974243164 12.165377616882324
8.170907974243164 12.165377616882324
8.170907974243164 12.165377616882324
8.170907974243164 12.165377616882324
8.170907974243164 12.165377616882324
8.170907974243164 12.165377616882324
8.170907974243164 12.165377616882324
8.170907974243164 12.165377616882324
8.170907974243164 12.165377616882324
8.170907974243164 12.165377616882324
8.170907974243164 12.165377616882324
8.170907974243164 12.165377616882324
8.170907974243164 12.165377616882324
8.170907974243164 12.165377616882324
8.170907974243164 12.165377616882324
8.170907974243164 12.165377616882324
8.170907974243164 12.165377616882324
8.170907974243164 12.165377616882324
8.170907974243164 12.165377616882324
8.170907974243164 12.165377616882324
8.170907974243164 12.165377616882324
8.170907974243164 12.165377616882324
8.170907974243164 12.165377616882324
8.170907974243164 12.165377616882324
8.170907974243164 12.165377616882324
8.170907974243164 12.165377616882324
8.170907974243164 12.165377616882324
8.170907974243164 12.165377616882324
8.170907974243164 12.165377616882324
8.170907974243164 12.165377616882324
8.170907974243164 12.165377616882324
8.170907974243164 12.165377616882324
8.170907974243164 12.165377616882324
8.170907974243164 12.165377616882324
8.170907974243164 12.165377616882324
8.170907974243164 12.165377616882324
8.170907974243164 12.165377616882324
8.170907974243164 12.165377616882324
8.170907974243164 12.165377616882324
8.170907974243164 12.165377616882324
8.170907974243164 12.165377616882324
8.170907974243164 12.165377616882324
8.170907974243164 12.165377616882324
8.170907974243164 12.165377616882324
8.170907974243164 12.165377616882324
8.170907974243164 12.165377616882324
8.170907974243164 12.165377616882324
8.170907974243164 12.165377616882324
8.170907974243164 12.165377616882324
8.170907974243164 12.165377616882324
8.170907974243164 12.165377616882324
8.170907974243164 12.165377616882324
8.170907974243164 12.165377616882324
8.170907974243164 12.165377616882324
8.170907974243164 12.165377616882324
8.170907974243164 12.165377616882324
8.170907974243164 12.165377616882324
8.170907974243164 12.165377616882324
