0.0
0.0
0.0
0.0
0.0
0.0
0.0
0.0
0.0
0.0
0.0
0.0
0.0
0.0
0.0
0.0
0.0
0.0
0.0
0.0
0.0
0.0
0.0
0.0
0.0
0.0
0.0
0.0
0.0
0.0
0.0
0.0
0.0
0.0
0.0
0.0
0.0
0.0
0.0
0.0
0.0
0.0
0.0
0.0
0.0
0.0
0.0
0.0
0.0
0.0
0.0
0.0
0.0
0.0
0.0
0.0
0.0
0.0
0.0
0.0
0.0
0.0
0.0
0.0
0.0
0.0
0.0
0.0
0.0
0.0
0.0
0.0
0.0
0.0
0.0
0.0
0.0
0.0
0.0
0.08444166473368947
0.2818658973968361
0.6039277123929396
0.6999999881792144
0.6999999881792144
0.6999999881792144
0.6999999881792144
0.6999999881792144
0.6999999881792144
0.6999999881792144
0.6999999881792144
0.6999999881792144
0.6999999881792144
0.6999999881792144
0.6999999881792144
0.6999999881792144
0.6999999532098522
0.699999960723195
0.7000000057368936
0.7000000021589728
0.6999999943260791
0.6999999643625545
0.6999999998875739
0.6999999996813433
0.6999999996813433
0.6999999996813433
0.6999999996813433
0.6999999896694585
0.6999999794019287
0.6999999580999752
0.6999999539370725
0.6999999894786911
0.6999999845260662
0.6999999662378044
0.6999999662378044
0.6999999662378044
0.6999999662378044
0.6999999662378044
0.6999999924710912
0.6999999890333263
0.6999999965553004
0.6999999865802548
0.69999999889595
0.69999999889595
0.6999999860094873
0.6999999860094873
0.7000000313378627
0.7000000046220618
0.7000000030606708
1.4999999678866998
1.5000000043757684
1.500000019733695
1.5000000256574908
1.5000000381967922
1.499999934823439
1.4999999549595886
1.4999999696130109
1.5000000565193514
1.500000046890389
1.500000027657454
1.5000000847742931
1.4999999590662483
1.4999999912007222
1.5000001003237045
1.5000000000852747
1.5000000805622147
1.4999999586254986
1.4999999299614977
1.499999937467938
1.499999937467938
1.499999937467938
1.499999937467938
1.499999937467938
1.5000000007163077
1.4999999931377725
1.5000000209136222
1.5000000209136222
1.5000000209136222
1.5000000333513706
1.4999999700008664
1.5000000362202435
1.500000030655466
1.500000030655466
1.500000030655466
1.500000030655466
1.500000030655466
1.500000030655466
1.5000000344179425
1.5000000344179425
1.5000000344179425
1.4999999404729654
1.5000000344020252
1.499999999481444
1.4999999848669368
1.4999999937659083
1.5000000728762082
1.4999999117111433
1.4999999316815682
1.499999930796936
1.5000000336320007
1.4999999674256996
1.5000000637497142
1.4999999950942804
1.499999942843567
1.5000000170704813
1.5000000170704813
1.5000000170704813
1.5000000170704813
1.5000000170704813
1.5000000170704813
1.5000000170704813
1.5000000170704813
1.5000000170704813
1.5000000170704813
1.499999967882105
1.5000000305145749
1.499999980613746
1.4999999902741858
1.5000000327594114
1.4999999883175452
1.5000000282957169
1.4999999818517342
1.4999999678851543
1.500000026597141
1.4999999388609144
1.499999920764669
1.5000000205895436
1.4999999928266214
1.5000000397293127
1.4999999779270479
1.4999999538249429
1.499999944669941
1.4999999600170977
1.4999999650836833
1.4999999793702792
1.4999999520466554
1.499999951845514
1.5000000748430857
1.4999999562222346
1.4999999562222346
1.4999999562222346
1.4999999562222346
1.4999999562222346
1.5000000384948509
1.5000000384948509
1.5000000384948509
1.5000000384948509
1.5000000384948509
1.5000000384948509
1.5000000384948509
1.5000000384948509
1.5000000384948509
1.5000000384948509
1.5000000384948509
1.5000000384948509
1.5000000384948509
1.5000000384948509
1.4999999402113924
1.4999999359221179
1.500000007132268
1.499999934947386
1.5000000798433109
1.500000003539684
1.5000000684117274
1.499999855097118
1.4999999889393472
1.4999999742735417
1.4999999481714703
1.5000000645365974
1.500000022286136
1.4999999526469503
1.4999999526469503
1.4999999526469503
1.4999999526469503
1.4999999526469503
1.4999999526469503
1.4999999526469503
1.4999999526469503
1.500000032907016
1.4999999424706223
1.5000000145930819
1.5000000608936166
1.499999952473911
1.5000000642176836
1.5000000642176836
1.5000000642176836
1.5000000642176836
1.5000000642176836
1.5000000642176836
1.5000000642176836
1.5000000642176836
1.5000000642176836
1.5000000642176836
1.5000000642176836
1.5000000642176836
1.5000000642176836
1.49999998511849
1.4999999691015247
1.4999999710474283
1.4999999991317219
1.4999999977314313
1.5000000798603639
1.5000000311782624
1.5000000331682293
1.4999999398501984
1.499999961543745
1.499999919050062
1.5000000070362727
1.4999999879694503
1.5000000545415673
1.5000000472922836
1.5000000348857734
1.5000000144405825
1.500000039658337
1.499999976155744
1.5000000340525281
1.4999999743398726
1.5000000074500928
1.5000000093056325
1.500000043551718
1.4999999996860176
1.5000000283368087
1.499999938712642
1.4999999769041639
1.4999999802542647
1.5000000218875063
1.4999999614779593
1.5000000146692791
1.4999999674828024
1.4999999636199806
1.5000000187747842
1.5000000348601168
1.5000000348601168
1.5000000348601168
1.5000000348601168
1.5000000348601168
1.5000000348601168
1.5000000348601168
1.5000000503122384
1.500000037100188
1.499999945649415
1.5000000085954934
1.5000000051706006
1.5000000044586652
1.4999999322850153
1.499999973866811
1.5000000623697016
1.500000053662489
1.5000000677922651
1.5000000523138695
1.5000000089415089
1.49999998731487
1.5000000925733756
1.4999999845023297
1.50000008830821
1.5000000070746953
1.5000000357301964
1.5000000209382933
1.5000000209382933
1.5000000209382933
1.5000000209382933
1.5000000209382933
1.5000000209382933
1.499999987077673
1.5000000653612142
1.4999999858570399
1.4999999867438354
1.4999999868488323
1.5000000611246425
1.500000037651837
1.4999999497364678
1.4999999497364678
1.4999999497364678
1.5000000086863434
1.5000000581373492
1.4999999748729187
1.4999999462165667
1.4999999462165667
1.4999999462165667
1.4999999462165667
1.4999999462165667
1.4999999462165667
1.4999999462165667
1.4999999462165667
1.4999999462165667
1.4999999462165667
1.4999999462165667
1.4999999572039027
1.5000000854664322
1.5000000366896755
1.4999999828632309
1.500000028865249
1.499999965389355
1.4999999403390902
1.499999999078429
1.5000000276881715
1.5000000276881715
1.5000000276881715
1.5000000276881715
1.5000000276881715
1.5000000276881715
1.5000000276881715
1.5000000276881715
1.5000000276881715
1.5000000276881715
1.5000000276881715
1.5000000276881715
1.5000000276881715
1.5000000276881715
1.5000000276881715
1.4999999423509212
1.5000000209571926
1.5000000462267784
1.4999999693054547
1.4999999096204357
1.5000000301305272
1.500000001896664
1.500000001896664
1.499999909969676
1.499999938542988
1.5000000138654184
1.4999999898837817
1.5000000309169268
1.499999995304209
1.4999999504794066
1.5000000225919998
1.5000000444088446
1.5000000113611993
1.4999999913442679
1.5000000398187812
1.5000000558440265
1.4999999444664467
1.5000000368901811
1.4999999557528465
1.5000000067793924
1.4999999572129423
1.5000000616921592
1.4999999591988478
1.5000000238743842
1.5000000335717658
1.499999988967973
1.4999999286709662
1.500000046068658
1.4999999082184827
1.4999999817481051
1.4999999458114757
1.4999999697818878
1.500000065048277
1.500000017845925
1.500000016037518
1.499999981443049
1.499999976992972
1.5000000290898052
1.4999999946045517
1.5000000332092904
1.4999999871428522
1.4999999077579267
1.500000061062412
1.5000000390204344
1.4999999874873329
1.499999962977663
1.500000005775692
1.5000000399561366
1.5000000249893248
1.4999999752547575
1.4999999626609852
1.4999999834191426
1.4999999455598998
1.5000000141609555
1.5000000381975314
1.4999999504790504
1.5000000304083676
1.4999999899257415
1.4999999578145893
1.5000000221626437
1.5000000221626437
1.5000000221626437
1.5000000526415869
1.4999999984140782
1.5000000700810474
1.499999901838371
1.5000000174599655
1.500000058026557
1.500000044063587
1.4999999738568972
1.5000000301081082
1.4999999367616945
1.500000029515663
1.500000029515663
1.500000029515663
1.500000029515663
1.500000029515663
1.499999995859132
1.4999999870223992
1.5000000158078373
1.5000000158078373
1.5000000158078373
1.5000000158078373
1.5000000158078373
1.5000000158078373
1.5000000158078373
1.5000000158078373
1.5000000158078373
1.5000000158078373
1.5000000158078373
1.5000000158078373
1.5000000158078373
1.5000000158078373
1.5000000158078373
1.5000000158078373
1.5000000158078373
1.5000000158078373
1.5000000158078373
1.5000000158078373
1.5000000158078373
1.5000000158078373
1.5000000158078373
1.5000000158078373
1.5000000158078373
1.5000000158078373
1.5000000158078373
1.5000000158078373
1.5000000158078373
1.5000000158078373
1.5000000158078373
1.5000000158078373
1.5000000158078373
1.5000000158078373
1.5000000158078373
1.5000000158078373
1.5000000158078373
1.5000000158078373
1.5000000158078373
1.5000000158078373
1.5000000158078373
1.5000000158078373
1.499999954643958
1.4999999455494808
1.4999999708867884
1.5000000343646223
1.5000000455451068
1.4999999923336513
1.5000000856142393
1.499999975790852
1.4999999434336018
1.4999999778887105
1.499999994831801
1.4999999490774714
1.500000037686741
1.4999999993410806
1.5000000328666039
1.4999999515453628
1.4999999438312925
1.499999985117513
1.4999999602944594
1.4999999972751945
1.4999999738153407
1.4999999888519682
1.499999976942888
1.5000000170722434
1.4999999716142958
1.5000000337017143
1.4999999609566899
1.4999999666702446
1.4999999891212543
1.5000000741956758
1.5000000006761571
1.5000000984979556
1.4999999632166339
1.5000000996335543
1.4999999501585575
1.4999999501585575
1.4999999501585575
1.4999999501585575
1.5000000035240741
1.500000042512207
1.50000000193486
1.5000000801931963
1.4999999861061135
1.5000000492155097
1.5000000085726708
1.4999999559393022
1.5000000052346028
1.5000000635551143
1.500000020890018
1.499999938202014
1.5000000113983003
1.500000040678652
1.500000091032422
1.5000000005324299
1.499999967624324
1.5000000503441702
1.500000068411937
1.5000000756600553
1.4999999593141915
1.5000000332748136
1.4999999587635628
1.499999959886428
1.4999999750703714
1.499999965394868
1.4999999825740151
1.4999999727897952
1.4999999971003508
1.4999999425296728
1.500000002108963
1.500000002108963
1.500000002108963
1.500000002108963
1.500000002108963
1.5000000610297093
1.4999999495036502
1.5000000711637003
1.4999999140195528
1.5000000100315491
1.5000000553552726
1.500000020896858
1.500000020896858
1.500000020896858
1.500000020896858
1.500000020896858
1.500000020896858
1.499999960106187
1.5000000568280512
1.499999953726488
1.5000000104147428
1.499999993358086
1.499999993358086
1.499999993358086
1.499999993358086
1.5000000531962212
1.4999999744685377
1.4999999744685377
1.4999999744685377
1.499999987961716
1.5000000031437588
1.4999999898784941
1.4999999292811768
1.4999999844548033
1.4999999905695678
1.50000003967114
1.5000000443355024
1.5000000009395318
1.4999999289330677
1.4999999909655497
1.4999999877719195
1.5000000299060992
1.5000000299060992
1.5000000299060992
1.500000042621395
1.5000000363381025
1.500000022026223
1.5000000470599315
1.5000000933410642
1.5000000575325543
1.5000000087467715
1.500000037894594
1.499999996985769
1.4999999991115593
1.5000000350902993
1.4999999892476883
1.4999999666200996
1.4999999664604369
1.4999999596979126
1.4999999596979126
1.499999992654857
1.5000000109981384
1.4999999873829684
1.4999999671724327
1.4999999957242818
1.5000000130663704
1.5000000540229659
1.500000072738296
1.499999967566419
1.5000000199122365
1.4999999366058543
1.4999999828791992
1.5000000641028253
1.4999999683156722
1.500000027894169
1.5000000519458647
1.5000000342028912
1.4999999298211448
1.4999999925892213
1.5000000289396256
1.5000000185118079
1.499999966918987
1.5000000519668972
1.4999999777797748
1.499999998220422
1.5000000343112225
1.5000000649355139
1.4999999964794835
1.5000000392142467
1.5000000231137325
1.5000000619573406
1.5000000092228412
1.4999999939291324
1.4999999853564827
1.4999999853564827
1.4999999853564827
1.4999999853564827
1.4999999853564827
1.4999999926267702
1.4999999494652203
1.500000023468549
1.499999998799107
1.4999999621045432
1.5000000218066492
1.500000036991757
1.4999999637909496
1.4999999964281294
1.499999964659905
1.5000000707148362
1.5000000484083098
1.5000000737112777
1.4999999410221172
1.4999999421651151
1.4999999956926215
1.5000000880593445
1.5000000880593445
1.5000000880593445
1.5000000621085676
1.500000056350969
1.5000000338157953
1.50000003566455
1.4999999921502436
1.5000000865572287
1.4999999560132098
1.499999960138231
1.4999999820566057
1.5000000607746637
1.5000000378013147
1.5000000163040235
1.5000000194150023
1.5000000194150023
1.5000000194150023
1.5000000194150023
1.5000000194150023
1.5000000357652536
1.5000000326951701
1.5000000637699966
1.5000000587623925
1.499999971911299
1.499999971728019
1.500000077136115
1.499999959574637
1.4999999588654065
1.5000000427744886
1.5000000427744886
1.5000000427744886
1.5000000427744886
1.5000000427744886
1.5000000427744886
1.5000000427744886
1.5000000427744886
1.499999999305208
1.5000000562389924
1.5000000280005337
1.4999999373850046
1.4999999585011736
1.4999999585011736
1.4999999585011736
1.4999999585011736
1.5000000641659348
1.5000000641659348
1.5000000641659348
1.5000000641659348
1.5000000641659348
1.5000000641659348
1.5000000641659348
1.5000000641659348
1.5000000641659348
1.500000057153852
1.4999999843145257
1.5000000422255912
1.499999977375116
1.500000029004359
1.499999984314519
1.5000000877198898
1.5000000350403482
1.5000000280613834
1.4999999823447419
1.5000000317012772
1.4999999720798813
1.5000000038572534
1.5000000139116498
1.5000000283697352
1.5000000489866925
1.499999963258319
1.5000000120816943
1.5000000700770495
1.5000000405550362
1.4999999210896038
1.4999999756549451
1.5000000527145088
1.5000000274107295
1.4999999440201435
1.499999988174543
1.499999988174543
1.4999999809124787
1.5000000311234893
1.4999999755439686
1.5000000051899331
1.4999999184471344
1.5000000001470741
1.5000001003628318
1.5000000401501132
1.4999999809975149
1.4999999874339665
1.500000046681809
1.4999999683282157
1.5000000765573696
1.4999999461038924
1.499999941375202
1.5000000269546385
1.4999999642256696
1.4999999232876915
1.500000008049465
1.499999922045323
1.5000000105091413
1.5000000196892007
1.5000000196892007
1.4999999942358169
1.499999985691057
1.5000000150072936
1.4999999724780517
1.500000047567388
1.50000000008208
1.4999999063450176
1.5000000092085017
1.4999999371002788
1.4999999813448661
1.5000000502378412
1.5000000413664818
1.4999999627248328
1.5000000111149963
1.4999999762242355
1.5000000618230196
1.5000000486114773
1.5000000408360321
1.5000000566046423
1.499999990478334
1.5000000458235636
1.5000000458235636
1.5000000458235636
1.5000000308094217
1.5000000230966937
1.5000000004691192
1.5000000236957343
1.499999938015776
1.499999979255308
1.5000000032250351
1.499999975337181
1.4999999547545908
1.5000000091723973
1.5000000091723973
1.5000000091723973
1.5000000573923358
1.319790005683899
1.326641321182251
1.3261038064956667
1.3262770175933838
1.3208016157150269
1.3041859865188599
1.277795672416687
1.2427152395248413
1.0612601647336588
1.3815397627114598
1.499999987396593
1.4999999718146262
1.499999973046461
1.499999973046461
1.499999973046461
1.499999973046461
1.499999973046461
1.4999999281983711
1.4999999281983711
1.4999999281983711
1.4999999257012917
1.4999999915417621
1.4999999915417621
1.4999999915417621
1.5000000270131388
1.5000000394089792
1.5000000848099617
1.4999999916323692
1.4999999888207989
1.4999999946133258
1.500000038889501
1.5000000050208435
1.5000000452005424
1.4999999540696085
1.4999999540696085
1.4999999540696085
1.4999999540696085
1.4999999540696085
1.4999999540696085
1.4999999540696085
1.5000000523841683
1.4999999596701776
1.5000000298040133
1.4999999565490143
1.4999999740777001
1.5000000550227495
1.499999967368951
1.4999999803539337
1.4999999631705612
1.472271764707201
1.1828254505142917
0.0
0.0
0.0
0.0
0.0
0.0
0.0
0.0
0.0
0.0
0.0
0.0
0.0
0.0
0.0
0.0
0.0
0.0
0.0
0.0
0.0
0.0
0.0
0.0
0.0
0.0
0.0
0.0
0.0
0.0
0.0
0.0
0.0
0.0
0.0
0.0
0.0
0.0
0.0
0.0
0.0
0.0
0.0
0.0
0.0
0.0
0.0
0.0
0.0
0.0
0.0
0.0
0.0
0.0
0.0
0.0
0.0
0.0
0.0
0.0
0.0
0.0
0.0
0.0
0.0
0.0
0.0
0.0
0.0
0.0
0.0
0.0
0.0
0.0
0.0
0.0
0.0
0.0
0.0
